Initial Model:
Transition Probabilities:
[[0.02877365 0.05346487 0.35783725 0.22843344 0.17501998 0.05105792
  0.10541289]
 [0.16858997 0.15178491 0.22886495 0.06766988 0.06747404 0.2302216
  0.08539466]
 [0.22393478 0.16977911 0.14545025 0.12075248 0.22138038 0.00823406
  0.11046894]
 [0.26695164 0.04718842 0.21570139 0.18498804 0.00232112 0.27486671
  0.00798268]
 [0.1907131  0.20208633 0.08087034 0.17633836 0.19372587 0.09822455
  0.05804146]
 [0.17891436 0.23945976 0.00570759 0.11522149 0.24151445 0.06956208
  0.14962027]
 [0.11850394 0.11396411 0.13655398 0.21756455 0.1123695  0.06539584
  0.23564808]]
Emission Probabilities:
[[0.05381583 0.54484045 0.40134372]
 [0.22249475 0.4144343  0.36307095]
 [0.30531218 0.07581533 0.61887249]
 [0.55292323 0.1847583  0.26231847]
 [0.23113119 0.45330132 0.31556749]
 [0.10170826 0.39221911 0.50607263]
 [0.591186   0.19660781 0.21220619]]
Stationary Distribution:
[0.01561546 0.02975086 0.22908325 0.0605089  0.21037673 0.2292333
 0.2254315 ]
alpha: [[8.40358611e-04 6.61941012e-03 6.99419081e-02 3.34567800e-02
  4.86246236e-02 2.33149212e-02 1.33271948e-01]
 [2.99509112e-02 1.86912697e-02 3.14402976e-03 1.02597540e-02
  2.09341720e-02 1.03750965e-02 9.11537465e-03]
 [5.77323139e-03 4.79618879e-03 1.27875041e-02 4.52612713e-03
  4.67309402e-03 6.09938428e-03 2.14284961e-03]
 [2.92296801e-03 2.20399303e-03 4.14962461e-03 1.57857814e-03
  2.14416650e-03 1.90878555e-03 8.81860498e-04]
 [1.06807949e-03 8.20795831e-04 1.73231366e-03 6.29521441e-04
  8.07244855e-04 7.72152038e-04 3.36386263e-04]
 [5.75924641e-04 3.69623333e-04 8.13823135e-05 1.71763473e-04
  4.56904498e-04 2.29761703e-04 1.22039397e-04]
 [1.55644899e-04 1.11929665e-04 2.99087060e-05 6.12970471e-05
  1.36838935e-04 9.06911664e-05 3.78056866e-05]
 [5.01631803e-06 1.93481010e-05 3.53034811e-05 5.57812418e-05
  2.17765955e-05 7.42798466e-06 3.55769080e-05]
 [1.93203459e-06 4.90932780e-06 9.17516991e-06 1.62964225e-05
  4.65471385e-06 2.57483157e-06 1.02187587e-05]
 [5.29956935e-07 1.31205309e-06 2.58024079e-06 4.55434156e-06
  1.25048905e-06 7.20944172e-07 2.85542615e-06]
 [1.47234374e-07 3.62939460e-07 7.15272506e-07 1.26549332e-06
  3.46766541e-07 1.99543095e-07 7.93739730e-07]
 [4.08634158e-08 1.00663904e-07 1.98552343e-07 3.51379896e-07
  9.61748299e-08 5.53958586e-08 2.20309417e-07]
 [1.14836773e-07 5.20376915e-08 1.36855389e-08 3.25907870e-08
  5.23480566e-08 5.92982090e-08 2.03348449e-08]
 [1.88008098e-08 1.63365588e-08 4.29321645e-08 1.51942601e-08
  1.68711356e-08 1.89832505e-08 7.43219131e-09]
 [1.31633249e-09 4.51507631e-09 6.86220636e-09 1.11549143e-08
  5.22834354e-09 1.29317679e-09 8.16531287e-09]
 [3.01396486e-09 1.72238435e-09 3.99409217e-09 1.66462710e-09
  1.36413614e-09 2.71598100e-09 8.04795175e-10]
 [1.39334699e-09 9.10510889e-10 2.00791148e-10 4.29352498e-10
  1.15249565e-09 5.55541613e-10 3.13490206e-10]
 [3.81831546e-11 1.48783943e-10 2.95534375e-10 4.52853088e-10
  1.71826053e-10 5.82562193e-11 2.80295620e-10]
 [1.55883431e-11 3.93341713e-11 7.35451214e-11 1.30624622e-10
  3.74552854e-11 2.05827664e-11 8.14259216e-11]
 [4.24578385e-12 1.05088134e-11 2.06754076e-11 3.64703510e-11
  1.00181113e-11 5.77673890e-12 2.28261333e-11]
 [1.17903604e-12 2.90633533e-12 5.72719433e-12 1.01309542e-11
  2.77700541e-12 1.59778245e-12 6.35217269e-12]
 [3.27153506e-13 8.05946239e-13 1.58959423e-12 2.81298574e-12
  7.70017351e-13 4.43492899e-13 1.76359047e-12]
 [6.77217993e-13 3.64972213e-13 8.94345307e-13 3.70437107e-13
  2.91751324e-13 6.12525709e-13 1.75706902e-13]
 [3.08506584e-13 2.01657362e-13 4.44985371e-14 9.53663892e-14
  2.56659575e-13 1.21800885e-13 6.96568793e-14]
 [8.56991209e-14 6.13901969e-14 1.62664580e-14 3.35488134e-14
  7.46313005e-14 4.98099825e-14 2.06346391e-14]
 [2.77892384e-14 1.97295081e-14 4.81096630e-15 1.02152987e-14
  2.34024954e-14 1.56924085e-14 6.48564700e-15]
 [8.59409846e-16 3.33862060e-15 6.17658839e-15 9.67595551e-15
  3.77577472e-15 1.28385419e-15 6.18480673e-15]
 [3.35620526e-16 8.52880016e-16 1.59200806e-15 2.82950318e-15
  8.09429978e-16 4.46255232e-16 1.77588398e-15]
 [9.20223807e-17 2.27841222e-16 4.48102875e-16 7.90992930e-16
  2.17132581e-16 1.25204519e-16 4.95944514e-16]
 [2.55702951e-17 6.30300642e-17 1.24221220e-16 2.19780208e-16
  6.02208265e-17 3.46550262e-17 1.37850774e-16]
 [7.18487492e-17 3.25636390e-17 8.56275202e-18 2.03911750e-17
  3.27576956e-17 3.71001093e-17 1.27243705e-17]
 [1.57740437e-18 6.26412711e-18 1.32521167e-17 2.00389731e-17
  7.73161086e-18 2.38721016e-18 1.29552176e-17]
 [5.15942327e-18 2.84691165e-18 6.59471811e-18 2.76705439e-18
  2.27497168e-18 4.51039875e-18 1.31226497e-18]
 [1.70178701e-18 1.32431409e-18 2.74950762e-18 1.01931647e-18
  1.33767937e-18 1.19268660e-18 5.63132257e-19]
 [9.23660581e-19 5.91401723e-19 1.30684417e-19 2.76168827e-19
  7.29239223e-19 3.70951576e-19 1.95259796e-19]
 [2.46397427e-20 9.62998564e-20 1.93019559e-19 2.93989011e-19
  1.11853443e-19 3.76830981e-20 1.82292202e-19]
 [7.55831050e-20 4.17459702e-20 9.68527362e-20 4.02825294e-20
  3.32852115e-20 6.64750258e-20 1.90088835e-20]
 [2.49430417e-20 1.94362047e-20 4.02538365e-20 1.49264758e-20
  1.96342999e-20 1.74475753e-20 8.25703562e-21]
 [9.96856116e-21 7.59150015e-21 1.56347960e-20 5.74584857e-21
  7.43741353e-21 7.01652158e-21 3.08778828e-21]
 [3.86951738e-21 2.95754450e-21 6.11519481e-21 2.23848705e-21
  2.90760226e-21 2.72536847e-21 1.20559393e-21]
 [1.50982222e-21 1.15356859e-21 2.38213920e-21 8.72371412e-22
  1.13375382e-21 1.06180092e-21 4.69928808e-22]
 [7.89009716e-23 2.75526319e-22 4.58229181e-22 7.16859235e-22
  3.23665060e-22 8.31994179e-23 5.10305259e-22]
 [1.92559647e-22 1.09339555e-22 2.53058879e-22 1.05529779e-22
  8.69848774e-23 1.71672832e-22 5.08605131e-23]
 [8.83433148e-23 5.77384210e-23 1.27717693e-23 2.72795453e-23
  7.31512484e-23 3.52630007e-23 1.98873680e-23]
 [2.42360277e-24 9.44181543e-24 1.87466120e-23 2.87329584e-23
  1.09026841e-23 3.69663021e-24 1.77828796e-23]
 [7.37584158e-24 4.07236229e-24 9.45867418e-24 3.93187287e-24
  3.24443009e-24 6.49824131e-24 1.85435186e-24]
 [2.43522032e-24 1.89775282e-24 3.92856281e-24 1.45698724e-24
  1.91710772e-24 1.70280576e-24 8.06192081e-25]
 [9.73061899e-25 7.41042869e-25 1.52630731e-24 5.60908651e-25
  7.25990367e-25 6.84992428e-25 3.01417663e-25]
 [3.77740596e-25 2.88713600e-25 5.96944359e-25 2.18515629e-25
  2.83837700e-25 2.66042601e-25 1.17688753e-25]
 [1.47385410e-25 1.12608933e-25 2.32540911e-25 8.51594021e-26
  1.10674646e-25 1.03651454e-25 4.58735281e-26]
 [7.79781239e-26 5.00991078e-26 1.11077393e-26 2.33831700e-26
  6.19662382e-26 3.13200921e-26 1.65667554e-26]
 [1.55737906e-26 1.33149382e-26 3.30979597e-26 1.18069590e-26
  1.29293501e-26 1.58819301e-26 5.53825692e-27]
 [7.71389023e-27 5.83717935e-27 1.10614847e-26 4.18508390e-27
  5.66177875e-27 5.11910754e-27 2.32599779e-27]
 [2.83814628e-27 2.18168709e-27 4.58744148e-27 1.66868079e-27
  2.14491068e-27 2.04628092e-27 8.93308034e-28]
 [1.52732475e-27 9.80446542e-28 2.16013867e-28 4.55789618e-28
  1.21189835e-27 6.09926028e-28 3.23761366e-28]
 [3.04179762e-28 2.60146095e-28 6.47560962e-28 2.30855565e-28
  2.52709309e-28 3.10425264e-28 1.08250034e-28]
 [1.50829649e-28 1.14122375e-28 2.16208916e-28 8.18093573e-29
  1.10693594e-28 1.00052476e-28 4.54715882e-29]
 [5.54800533e-29 4.26480154e-29 8.96853455e-29 3.26217745e-29
  4.19296886e-29 4.00039122e-29 1.74629244e-29]
 [2.98582035e-29 1.91669722e-29 4.22280829e-30 8.91020731e-30
  2.36916722e-29 1.19232991e-29 6.32924602e-30]
 [8.07253010e-30 5.80508312e-30 1.55083807e-30 3.17866048e-30
  7.09649438e-30 4.70327929e-30 1.96064257e-30]
 [1.94010058e-30 1.63738106e-30 3.71132719e-30 1.37245445e-30
  1.54194174e-30 1.91676899e-30 6.62292090e-31]
 [1.22307648e-30 7.84606462e-31 1.61555582e-31 3.49723910e-31
  9.56874031e-31 4.75338741e-31 2.55124051e-31]
 [3.24056380e-31 2.34024986e-31 6.30100766e-32 1.28535899e-31
  2.86677258e-31 1.89942666e-31 7.93009707e-32]
 [7.83646189e-32 6.61024907e-32 1.49461685e-31 5.53331287e-32
  6.21908393e-32 7.73429909e-32 2.67117661e-32]
 [4.93101425e-32 3.16388683e-32 6.51734549e-33 1.41058940e-32
  3.85854199e-32 1.91775188e-32 1.02893364e-32]
 [1.30691344e-32 9.43801696e-33 2.54069035e-33 5.18317961e-33
  1.15607548e-32 7.65983270e-33 3.19799189e-33]
 [4.29008749e-33 3.04285070e-33 7.38407715e-34 1.57167782e-33
  3.60265986e-33 2.41734095e-33 9.98045030e-34]
 [1.33986970e-33 9.57925316e-34 2.36498489e-34 4.98250821e-34
  1.14104217e-33 7.62845692e-34 3.16964269e-34]
 [4.23709281e-34 3.02570662e-34 7.43351231e-35 1.56986892e-34
  3.59720189e-34 2.40711764e-34 9.99163425e-35]
 [9.84362872e-35 8.36261030e-35 1.91633669e-34 7.03504096e-35
  7.90319864e-35 9.80092866e-35 3.40392256e-35]
 [6.28015720e-35 4.02544166e-35 8.26463144e-36 1.79093997e-35
  4.90763496e-35 2.43175974e-35 1.30786288e-35]
 [1.66096476e-35 1.19967162e-35 3.23309124e-36 6.59261772e-36
  1.47000648e-35 9.73961498e-36 4.06631721e-36]
 [4.01836760e-36 3.38937696e-36 7.66234054e-36 2.83698986e-36
  3.18865255e-36 3.96558766e-36 1.36953334e-36]
 [2.49713785e-37 8.70874575e-37 1.34568786e-36 2.16442274e-36
  1.00870997e-36 2.54980964e-37 1.58630233e-36]
 [7.94990564e-37 3.82036964e-37 9.48385348e-38 2.27481658e-37
  3.81065876e-37 4.07832156e-37 1.44925931e-37]
 [1.33271085e-37 1.15642290e-37 3.01829914e-37 1.06686625e-37
  1.18352054e-37 1.35186671e-37 5.22043934e-38]
 [9.39009428e-38 5.93450796e-38 1.20198366e-38 2.62829362e-38
  7.23642858e-38 3.51744776e-38 1.91724185e-38]
 [2.43984111e-38 1.76303371e-38 4.79696974e-39 9.74861201e-39
  2.16810075e-38 1.43508027e-38 5.99351748e-39]
 [7.94516611e-40 3.06060260e-39 5.56273732e-39 8.80793997e-39
  3.44014989e-39 1.17407091e-39 5.61810542e-39]
 [3.08801340e-39 1.44377042e-39 3.59807203e-40 8.59845146e-40
  1.44095241e-39 1.56847477e-39 5.36575399e-40]
 [5.06249899e-40 4.40709768e-40 1.15852491e-39 4.08474298e-40
  4.53718022e-40 5.13710412e-40 1.99509869e-40]
 [2.64656234e-40 1.98733550e-40 3.74728229e-40 1.42577915e-40
  1.92542613e-40 1.73315397e-40 7.90360360e-41]
 [9.63995253e-41 7.40964589e-41 1.56449368e-40 5.68310605e-41
  7.29137630e-41 6.96753622e-41 3.03745455e-41]
 [5.13575887e-42 1.79170022e-41 2.95870158e-41 4.64082025e-41
  2.10334899e-41 5.37818351e-42 3.31294983e-41]
 [1.69346919e-41 8.08969603e-42 2.00946200e-42 4.81906542e-42
  8.09670253e-42 8.62639335e-42 3.05623195e-42]
 [3.78350585e-43 1.50219195e-42 3.16413193e-42 4.77562517e-42
  1.83990488e-42 5.75933669e-43 3.08425792e-42]
 [1.23034005e-42 6.79629755e-43 1.57365818e-42 6.60011577e-43
  5.43703804e-43 1.07619722e-42 3.12489558e-43]
 [5.50710296e-43 3.60133705e-43 7.98740125e-44 1.70958413e-43
  4.58224598e-43 2.20003859e-43 1.24715563e-43]
 [1.13505176e-43 9.66895940e-44 2.36819440e-43 8.54792063e-44
  9.24856986e-44 1.14906474e-43 3.92363570e-44]
 [7.00649232e-45 2.52233724e-44 3.92363570e-44 6.30584309e-44
  2.94272678e-44 7.00649232e-45 4.62428493e-44]
 [2.80259693e-45 5.60519386e-45 1.12103877e-44 1.96181785e-44
  5.60519386e-45 2.80259693e-45 1.26116862e-44]
 [4.20389539e-45 2.80259693e-45 7.00649232e-45 2.80259693e-45
  1.40129846e-45 4.20389539e-45 1.40129846e-45]
 [1.40129846e-45 1.40129846e-45 2.80259693e-45 1.40129846e-45
  1.40129846e-45 1.40129846e-45 0.00000000e+00]
 [1.40129846e-45 0.00000000e+00 0.00000000e+00 0.00000000e+00
  1.40129846e-45 0.00000000e+00 0.00000000e+00]
 [0.00000000e+00 0.00000000e+00 0.00000000e+00 0.00000000e+00
  0.00000000e+00 0.00000000e+00 0.00000000e+00]
 [0.00000000e+00 0.00000000e+00 0.00000000e+00 0.00000000e+00
  0.00000000e+00 0.00000000e+00 0.00000000e+00]
 [0.00000000e+00 0.00000000e+00 0.00000000e+00 0.00000000e+00
  0.00000000e+00 0.00000000e+00 0.00000000e+00]
 [0.00000000e+00 0.00000000e+00 0.00000000e+00 0.00000000e+00
  0.00000000e+00 0.00000000e+00 0.00000000e+00]
 [0.00000000e+00 0.00000000e+00 0.00000000e+00 0.00000000e+00
  0.00000000e+00 0.00000000e+00 0.00000000e+00]]
::beta: [[       nan        nan        nan        nan        nan        nan
         nan]
 [       nan        nan        nan        nan        nan        nan
         nan]
 [       nan        nan        nan        nan        nan        nan
         nan]
 [       nan        nan        nan        nan        nan        nan
         nan]
 [0.14285715 0.14285715 0.14285715 0.14285715 0.14285715 0.14285715
  0.14285715]
 [0.10526316 0.15789473 0.15789473 0.15789473 0.15789473 0.15789473
  0.10526316]
 [0.16071428 0.125      0.14285715 0.10714286 0.125      0.14285715
  0.19642857]
 [0.17085427 0.12562814 0.14070351 0.10050251 0.12562814 0.14572865
  0.19095477]
 [0.17318435 0.12290503 0.1396648  0.10335196 0.12430168 0.14385475
  0.19273743]
 [0.17371073 0.12136487 0.13997674 0.10585498 0.12679332 0.14269097
  0.18960838]
 [0.18122977 0.12081985 0.13754046 0.11521035 0.1330097  0.13603021
  0.17615965]
 [0.09965743 0.13998754 0.15727188 0.14194955 0.16306446 0.17137963
  0.12668951]
 [0.14734174 0.16118798 0.13807714 0.16726978 0.13372865 0.12339973
  0.12899499]
 [0.1756706  0.11527564 0.1379668  0.11485688 0.13683185 0.13938352
  0.18001471]
 [0.16198419 0.1643594  0.13002026 0.16435143 0.13332233 0.11869421
  0.12726817]
 [0.09331531 0.14590208 0.15601844 0.15167266 0.15744326 0.167874
  0.12777425]
 [0.17223345 0.12398975 0.14011067 0.10278449 0.12404595 0.14423385
  0.19260183]
 [0.17231695 0.12389164 0.14010014 0.1028837  0.12410325 0.14416033
  0.19254398]
 [0.17273474 0.12347537 0.1400737  0.10334245 0.1243779  0.14382319
  0.19217265]
 [0.17423399 0.12124223 0.14002232 0.10519002 0.12630479 0.14285311
  0.1901536 ]
 [0.17601496 0.11529021 0.1378334  0.11516814 0.13694029 0.13909
  0.17966293]
 [0.1580031  0.16466375 0.13105093 0.16540918 0.13435614 0.12050574
  0.12601116]
 [0.10617023 0.14506553 0.15084139 0.1412318  0.16136205 0.17072587
  0.12460308]
 [0.10995418 0.14453536 0.1490892  0.13853806 0.16108844 0.17045414
  0.12634061]
 [0.09332438 0.1458745  0.15603824 0.15167715 0.15744674 0.16786794
  0.12777106]
 [0.17233364 0.12387262 0.14010005 0.10290565 0.12411945 0.14414649
  0.19252212]
 [0.17281635 0.12339428 0.140064   0.10342547 0.12446849 0.1437723
  0.19205905]
 [0.17379615 0.12119061 0.1400438  0.10564391 0.12681016 0.14284241
  0.18967293]
 [0.18175066 0.11988749 0.13687113 0.11608993 0.1333681  0.13523285
  0.17679979]
 [0.09479106 0.14314872 0.15783888 0.15083267 0.15833199 0.16802934
  0.12702739]
 [0.17798455 0.11655217 0.13770792 0.11521199 0.13537836 0.13772227
  0.17944273]
 [0.14691725 0.15545891 0.14032091 0.1606771  0.13973689 0.12822142
  0.12866755]
 [0.16243285 0.16447751 0.13005978 0.16477992 0.13302226 0.11813638
  0.1270913 ]
 [0.09488282 0.14315109 0.1577947  0.15078981 0.15831001 0.16802357
  0.12704797]
 [0.1775818  0.11629437 0.13775139 0.11519767 0.1356185  0.13795899
  0.17959723]
 [0.15105692 0.15710898 0.13857137 0.1615432  0.13786364 0.12539275
  0.12846316]
 [0.15108977 0.15712407 0.13855065 0.16154735 0.13785127 0.1253728
  0.12846416]
 [0.15094082 0.15711828 0.1386052  0.16155979 0.13785985 0.12544839
  0.12846766]
 [0.15147877 0.15674858 0.13834292 0.16096146 0.13799258 0.12543614
  0.12903953]
 [0.14734246 0.16116968 0.13808589 0.16725837 0.13373281 0.12340701
  0.12900376]
 [0.17570709 0.11522114 0.1379468  0.11493    0.13686074 0.13932453
  0.18000965]
 [0.16243209 0.16447748 0.13005997 0.16478002 0.13302244 0.11813675
  0.12709126]
 [0.09488505 0.1431514  0.15779343 0.15078881 0.15830947 0.16802347
  0.12704836]
 [0.17757115 0.11628869 0.1377528  0.11519618 0.13562451 0.13796617
  0.17960046]
 [0.15114497 0.15714732 0.1385253  0.16155796 0.13782753 0.12533852
  0.12845835]
 [0.15076378 0.15699217 0.13870694 0.16149466 0.13798805 0.1255792
  0.12847519]
 [0.15203957 0.1575982  0.13799852 0.1617318  0.13745092 0.12479544
  0.12838551]
 [0.14708932 0.15548621 0.14022645 0.16064414 0.1397444  0.12815922
  0.12865022]
 [0.16148958 0.16509107 0.130295   0.16546929 0.13301675 0.11835648
  0.12628183]
 [0.09912931 0.14003058 0.15780702 0.14264072 0.16299625 0.17134248
  0.1260537 ]
 [0.15203823 0.15759777 0.13799909 0.16173162 0.13745145 0.1247963
  0.12838554]
 [0.14709336 0.15548791 0.14022386 0.16064431 0.13974318 0.12815724
  0.12865014]
 [0.16146906 0.16508935 0.13030034 0.1654709  0.13302295 0.11836743
  0.12628004]
 [0.09918595 0.1400446  0.15777114 0.14261746 0.16298635 0.17133743
  0.1260571 ]
 [0.15175208 0.15750438 0.13811338 0.16169341 0.13756773 0.12497988
  0.12838909]
 [0.1479184  0.15586975 0.13966407 0.16069767 0.13948539 0.12775192
  0.12861279]
 [0.15710817 0.16458985 0.1313594  0.16556443 0.13455015 0.12089865
  0.12592928]
 [0.10955507 0.144877   0.14955796 0.13963562 0.16087207 0.17022602
  0.1252762 ]
 [0.09769261 0.13968456 0.15851492 0.14260843 0.16364588 0.17192858
  0.1259251 ]
 [0.1570988  0.16458927 0.13136251 0.16556598 0.13455217 0.12090293
  0.12592831]
 [0.10958911 0.1448742  0.14954415 0.13961673 0.16086945 0.17022249
  0.12528387]
 [0.09756161 0.13966516 0.15859559 0.14267986 0.16365789 0.1719349
  0.12590498]
 [0.15780742 0.16465609 0.13111317 0.16544048 0.13440293 0.1206001
  0.1259798 ]
 [0.10684085 0.1450067  0.15054885 0.14080217 0.16141228 0.1707114
  0.12467777]
 [0.10701036 0.14498557 0.1504768  0.14068754 0.16141029 0.17070448
  0.12472498]
 [0.10628068 0.14502625 0.15079926 0.14120957 0.16140844 0.17068754
  0.12458828]
 [0.10956338 0.14487627 0.14955463 0.1396311  0.16087131 0.17022507
  0.12527825]
 [0.09766105 0.13967898 0.158535   0.14262596 0.16364798 0.17192931
  0.12592173]
 [0.1572731  0.1645997  0.13130747 0.16553885 0.13450874 0.12082036
  0.1259518 ]
 [0.10899179 0.14487645 0.14980447 0.13993278 0.16089755 0.17026767
  0.12522933]
 [0.09994432 0.13999876 0.15716174 0.14180903 0.1630415  0.1713682
  0.12667641]
 [0.14612058 0.16083999 0.13885897 0.16716808 0.13433272 0.12398127
  0.12869838]
 [0.18156335 0.12086932 0.13748857 0.11544745 0.13303295 0.13568957
  0.1759088 ]
 [0.09772411 0.13969855 0.15848643 0.14259453 0.1636397  0.17192517
  0.12593149]
 [0.15689278 0.16457999 0.13142861 0.16556361 0.13456766 0.12101901
  0.12594835]
 [0.11022507 0.1444788  0.14913231 0.13885407 0.16096191 0.17017725
  0.12617056]
 [0.09386101 0.1432301  0.15821832 0.15113589 0.15869741 0.16820176
  0.1266555 ]
 [0.18135609 0.12081618 0.13751295 0.11539389 0.1330846  0.13582893
  0.17600726]
 [0.09938229 0.14008589 0.15765744 0.14255251 0.16294092 0.17130388
  0.12607707]
 [0.15083855 0.15707389 0.13866307 0.1615463  0.1379006  0.12550794
  0.12846966]
 [0.15190196 0.15689097 0.1381797  0.16100441 0.13783517 0.12518173
  0.12900606]
 [0.14607239 0.16066033 0.13891713 0.16708416 0.13435575 0.12407719
  0.12883309]
 [0.18168202 0.11990009 0.13689038 0.116055   0.13336927 0.13528737
  0.17681591]
 [0.09529799 0.14316398 0.15760133 0.15059845 0.1582408  0.16801317
  0.12708434]
 [0.17580847 0.11520191 0.13788128 0.11511774 0.13697089 0.13919811
  0.17982158]
 [0.16121833 0.16512108 0.13033846 0.16545996 0.13306408 0.11852626
  0.12627184]
 [0.09958725 0.13996992 0.15726198 0.14167766 0.16316916 0.17155305
  0.126781  ]
 [0.14670223 0.16313368 0.13720618 0.16798429 0.13287123 0.12289063
  0.12921174]
 [0.17409009 0.12127561 0.14002395 0.10525405 0.12634575 0.14285372
  0.1901568 ]
 [0.17796916 0.11654546 0.13770789 0.1152104  0.13539061 0.13773438
  0.17944206]
 [0.146919   0.15553996 0.1402515  0.16070524 0.13971618 0.12822163
  0.12864655]
 [0.16202557 0.16435997 0.13002169 0.16436873 0.13330247 0.11865704
  0.12726456]
 [0.09336531 0.14574629 0.15613465 0.15169145 0.15747555 0.16784899
  0.12773775]
 [0.1728032  0.12340561 0.14006643 0.10347102 0.12452038 0.14376254
  0.19197081]
 [0.17385516 0.12158879 0.14005288 0.10568273 0.12673925 0.1427701
  0.18931103]
 [0.17931817 0.1206427  0.13794343 0.11465251 0.1338685  0.13750064
  0.17607409]
 [0.10861807 0.14480738 0.14985575 0.13992634 0.16107629 0.17037813
  0.12533803]
 [0.1005329  0.14257152 0.1552778  0.14419837 0.16107956 0.17014644
  0.12619342]
 [0.14285715 0.14285715 0.14285715 0.14285715 0.14285715 0.14285715
  0.14285715]]
::gamma:  [[       nan        nan        nan        nan        nan        nan
         nan]
 [       nan        nan        nan        nan        nan        nan
         nan]
 [       nan        nan        nan        nan        nan        nan
         nan]
 [       nan        nan        nan        nan        nan        nan
         nan]
 [0.17320694 0.13310575 0.2809236  0.10208742 0.13090824 0.12521735
  0.05455065]
 [0.21634085 0.20826846 0.04585579 0.09678208 0.25744802 0.12946184
  0.04584299]
 [0.28642622 0.16020595 0.04892412 0.07520144 0.1958588  0.14835095
  0.08503255]
 [0.0350206  0.09932029 0.20297155 0.22907503 0.11178656 0.04423119
  0.27759483]
 [0.04904533 0.08844347 0.18783443 0.24687955 0.08480942 0.05429341
  0.28869438]
 [0.04851839 0.08392349 0.19035105 0.25408325 0.08356327 0.05421722
  0.28534323]
 [0.05055537 0.08308087 0.18639341 0.2762358  0.08738745 0.05142812
  0.264919  ]
 [0.02672908 0.09249172 0.20495845 0.32737887 0.10293439 0.06231265
  0.18319492]
 [0.34120202 0.16914357 0.03810557 0.10993023 0.14116591 0.14755726
  0.05289547]
 [0.17249705 0.09835675 0.30935946 0.09114705 0.12056953 0.13819365
  0.06987647]
 [0.03827683 0.13321629 0.1601668  0.32910722 0.12513094 0.02755403
  0.18654788]
 [0.12891117 0.11518368 0.28562316 0.11572406 0.09844217 0.20898233
  0.04713333]
 [0.3386654  0.15931804 0.03970176 0.06227814 0.20175111 0.11307792
  0.08520762]
 [0.03344996 0.0937117  0.21049528 0.23686434 0.10840965 0.04269567
  0.27437344]
 [0.04930057 0.08892476 0.18861787 0.24715884 0.08529601 0.05420071
  0.28650132]
 [0.04874461 0.08395439 0.19075996 0.25278443 0.08337609 0.05437613
  0.28600442]
 [0.04891608 0.07897927 0.18606785 0.27501583 0.08963609 0.05238277
  0.26900214]
 [0.04178271 0.10727128 0.16838594 0.37610278 0.08362525 0.04319901
  0.17963302]
 [0.1480613  0.10902707 0.27780244 0.10773512 0.09694481 0.2153446
  0.04508457]
 [0.2205261  0.18948378 0.04312963 0.08589112 0.2687854  0.13497142
  0.05721248]
 [0.16898586 0.18921576 0.0536294  0.10751677 0.24827534 0.1766701
  0.05570681]
 [0.31151068 0.15897097 0.04384265 0.06837802 0.18894188 0.14713632
  0.08121947]
 [0.03479248 0.09650779 0.20266347 0.23443457 0.11009453 0.04324055
  0.27826667]
 [0.04914916 0.08709322 0.18786097 0.25187325 0.08648898 0.05371158
  0.28382286]
 [0.05056387 0.0825804  0.18542163 0.27761185 0.08754832 0.05118857
  0.2650853 ]
 [0.0249694  0.09294801 0.20198293 0.34149855 0.0982246  0.05998687
  0.1803896 ]
 [0.4003836  0.11883053 0.03691876 0.07355542 0.13884728 0.15997574
  0.07148862]
 [0.02481689 0.1042816  0.19913113 0.344795   0.11569446 0.03277802
  0.17850287]
 [0.23136656 0.12927248 0.23679078 0.12587732 0.08354604 0.14710389
  0.04604293]
 [0.11352603 0.13328716 0.30503523 0.10806467 0.14888917 0.14089619
  0.05030148]
 [0.3506609  0.14703397 0.03848542 0.06801345 0.2114294  0.10940664
  0.07497025]
 [0.02723669 0.11071441 0.19572772 0.34753403 0.11284352 0.03457773
  0.17136584]
 [0.21437563 0.12313256 0.2519046  0.12216089 0.08613461 0.15645067
  0.04584102]
 [0.18130289 0.14705737 0.26868007 0.11612859 0.13034725 0.10540199
  0.05108185]
 [0.18659139 0.14704104 0.26727387 0.11428348 0.12681921 0.10875567
  0.04923542]
 [0.18120894 0.15149893 0.2683827  0.11899737 0.1235856  0.10689563
  0.04943088]
 [0.21838501 0.10941663 0.27051198 0.08253583 0.12773366 0.12178069
  0.06963629]
 [0.03624508 0.1281635  0.16854708 0.33406678 0.12176307 0.02779714
  0.18341741]
 [0.13159375 0.11273146 0.2875959  0.11460838 0.09917971 0.20775129
  0.04653953]
 [0.34355563 0.14704606 0.03853031 0.06882183 0.21727557 0.10654741
  0.07822323]
 [0.02746122 0.11123134 0.19467787 0.3479953  0.11265075 0.03473404
  0.17124942]
 [0.21383677 0.1229414  0.25229126 0.12210443 0.08609018 0.15692325
  0.04581263]
 [0.18269299 0.14757673 0.26750702 0.11627281 0.1300233  0.1048554
  0.05107184]
 [0.18105817 0.14575778 0.27075    0.11398654 0.12833993 0.11105347
  0.04905415]
 [0.1988909  0.15540591 0.25359362 0.1178899  0.12309861 0.10266443
  0.04845656]
 [0.1209408  0.13053048 0.30376795 0.10055239 0.14932826 0.14701332
  0.04786676]
 [0.29924366 0.19928722 0.03869022 0.09545479 0.21498287 0.09865614
  0.053685  ]
 [0.14823712 0.13396932 0.30032587 0.12273628 0.11691679 0.13170917
  0.04610552]
 [0.20773628 0.16072068 0.24038568 0.11549826 0.12561141 0.10105925
  0.04898844]
 [0.11920115 0.12937617 0.30647397 0.10077237 0.14803211 0.1484612
  0.04768305]
 [0.2993554  0.19945163 0.0385335  0.09518703 0.21532963 0.09845512
  0.05368762]
 [0.14903013 0.13430764 0.29956213 0.12287726 0.11675394 0.13135482
  0.0461141 ]
 [0.20228928 0.16034715 0.24244997 0.11562651 0.12714349 0.10326108
  0.04888259]
 [0.13222544 0.13441382 0.2917942  0.09909447 0.14673981 0.1481406
  0.04759169]
 [0.20457715 0.18777321 0.0469465  0.08911786 0.2719146  0.14377265
  0.05589797]
 [0.2684541  0.20225416 0.04312463 0.1114045  0.20212594 0.12037189
  0.0522648 ]
 [0.11469357 0.12796412 0.29939607 0.10336722 0.13381012 0.1760087
  0.04476021]
 [0.20756678 0.19061857 0.04456956 0.08679871 0.2724062  0.14216495
  0.05587526]
 [0.2682657  0.2021423  0.04333846 0.11155355 0.20212458 0.1201676
  0.05240788]
 [0.11189916 0.12810774 0.30073002 0.10412718 0.13416292 0.17646272
  0.04451036]
 [0.2234542  0.19425498 0.04153046 0.08403935 0.26374295 0.1386321
  0.05434596]
 [0.18657574 0.18385752 0.05146417 0.09831379 0.25064927 0.17562047
  0.05351907]
 [0.19943413 0.18704489 0.04685587 0.09311371 0.24590638 0.17459401
  0.05305102]
 [0.1790033  0.18303737 0.05128975 0.09721284 0.2554403  0.17941704
  0.05459942]
 [0.27508846 0.2055918  0.04029335 0.10727864 0.19974011 0.12005697
  0.05195063]
 [0.11285971 0.12744698 0.3019858  0.10355617 0.13376492 0.17554535
  0.04484103]
 [0.21221906 0.19054323 0.04391634 0.08586985 0.27053672 0.1408986
  0.05601621]
 [0.2524681  0.20072022 0.04670105 0.11464259 0.20541671 0.12561242
  0.05443886]
 [0.19594336 0.11002431 0.28293115 0.08796194 0.11392502 0.14451294
  0.06470128]
 [0.02266596 0.11299972 0.19809169 0.28666508 0.15331507 0.04071712
  0.18554538]
 [0.3497523  0.17631046 0.03495187 0.10561047 0.14379257 0.1383983
  0.05118401]
 [0.10502727 0.11945562 0.32182503 0.10591424 0.13620238 0.16448304
  0.0470924 ]
 [0.20489007 0.197599   0.04421005 0.09234367 0.2669684  0.1375384
  0.05645035]
 [0.3109712  0.14969668 0.04635935 0.07905914 0.20278403 0.1369919
  0.0741377 ]
 [0.01921042 0.10431068 0.21336874 0.30547604 0.13637534 0.04893156
  0.1723272 ]
 [0.34609064 0.16850054 0.03707043 0.10320873 0.14764348 0.14626703
  0.05121912]
 [0.14662324 0.13183214 0.30522686 0.1253931  0.11923993 0.12261174
  0.04907302]
 [0.18948452 0.15649576 0.255153   0.11676225 0.12679693 0.10540197
  0.04990556]
 [0.22187899 0.11255503 0.27132154 0.08356413 0.12320693 0.11942551
  0.06804787]
 [0.02112591 0.11077482 0.20145279 0.30193704 0.14376514 0.03904358
  0.18190072]
 [0.39177728 0.12260325 0.03650443 0.07300885 0.14583333 0.15800147
  0.07227138]
 [0.02783049 0.11195446 0.18595825 0.35673624 0.11068944 0.03099304
  0.17583808]
 [0.13987139 0.10932476 0.28456593 0.10771704 0.10128617 0.21221864
  0.04501608]
 [0.2885572  0.20895523 0.03980099 0.09950249 0.21393035 0.09452736
  0.05472637]
 [0.18181819 0.1038961  0.3116883  0.07792208 0.1038961  0.15584415
  0.06493507]
 [0.04545455 0.09090909 0.18181819 0.22727273 0.13636364 0.04545455
  0.27272728]
 [0.         0.16666667 0.16666667 0.33333334 0.16666667 0.
  0.16666667]
 [0.         0.         1.         0.         0.         0.
  0.        ]
 [0.         0.         0.         0.         0.         0.
  0.        ]
 [0.         0.         0.         0.         0.         0.
  0.        ]
 [0.         0.         0.         0.         0.         0.
  0.        ]
 [0.         0.         0.         0.         0.         0.
  0.        ]
 [0.         0.         0.         0.         0.         0.
  0.        ]
 [0.         0.         0.         0.         0.         0.
  0.        ]
 [0.         0.         0.         0.         0.         0.
  0.        ]]
::xi:  [[[nan nan nan ... nan nan nan]
  [nan nan nan ... nan nan nan]
  [nan nan nan ... nan nan nan]
  ...
  [nan nan nan ... nan nan nan]
  [nan nan nan ... nan nan nan]
  [nan nan nan ... nan nan nan]]

 [[nan nan nan ... nan nan nan]
  [nan nan nan ... nan nan nan]
  [nan nan nan ... nan nan nan]
  ...
  [nan nan nan ... nan nan nan]
  [nan nan nan ... nan nan nan]
  [nan nan nan ... nan nan nan]]

 [[nan nan nan ... nan nan nan]
  [nan nan nan ... nan nan nan]
  [nan nan nan ... nan nan nan]
  ...
  [nan nan nan ... nan nan nan]
  [nan nan nan ... nan nan nan]
  [nan nan nan ... nan nan nan]]

 ...

 [[ 0.  0.  0. ...  0.  0.  0.]
  [ 0.  0.  0. ...  0.  0.  0.]
  [ 0.  0.  0. ...  0.  0.  0.]
  ...
  [ 0.  0.  0. ...  0.  0.  0.]
  [ 0.  0.  0. ...  0.  0.  0.]
  [ 0.  0.  0. ...  0.  0.  0.]]

 [[ 0.  0.  0. ...  0.  0.  0.]
  [ 0.  0.  0. ...  0.  0.  0.]
  [ 0.  0.  0. ...  0.  0.  0.]
  ...
  [ 0.  0.  0. ...  0.  0.  0.]
  [ 0.  0.  0. ...  0.  0.  0.]
  [ 0.  0.  0. ...  0.  0.  0.]]

 [[ 0.  0.  0. ...  0.  0.  0.]
  [ 0.  0.  0. ...  0.  0.  0.]
  [ 0.  0.  0. ...  0.  0.  0.]
  ...
  [ 0.  0.  0. ...  0.  0.  0.]
  [ 0.  0.  0. ...  0.  0.  0.]
  [ 0.  0.  0. ...  0.  0.  0.]]]
Training done.
Model:
Transition Probabilities:
[[nan nan nan nan nan nan nan]
 [nan nan nan nan nan nan nan]
 [nan nan nan nan nan nan nan]
 [nan nan nan nan nan nan nan]
 [nan nan nan nan nan nan nan]
 [nan nan nan nan nan nan nan]
 [nan nan nan nan nan nan nan]]
Emission Probabilities:
[[nan nan nan]
 [nan nan nan]
 [nan nan nan]
 [nan nan nan]
 [nan nan nan]
 [nan nan nan]
 [nan nan nan]]
Stationary Distribution:
[nan nan nan nan nan nan nan]
Actual Sequence:
[1, 1, -1, 0, 1, -1, -1, 0, -1, 1, 1, -1, 0, 1, 1, 0, 1, -1, 1, -1, 1, -1, 1, 1, 1, 1, 0, -1, 0, 1, -1, 0, 0, 0, 1, 1, 1, -1, 0, 1, -1, 1, 0, -1, -1, -1, 1, 0, 0, 1, 1, 0, 0, 0, -1, 0, 1, -1, 1, 0, 1, 0, 1, 0, 1, -1, 0, 1, -1, 0, 0, -1, 1, 1, 1, -1, 1, 0, 0, -1, -1, 0, -1, -1, 1, 1, 0, 1, 1, 1, 1, 1, 0, 1, 0, 0, 1, -1, 1]
Predicted Sequence:
[np.int64(0), np.int64(0), np.int64(0), np.int64(0), np.int64(0), np.int64(0), np.int64(0), np.int64(0), np.int64(0), np.int64(0), np.int64(0), np.int64(0), np.int64(0), np.int64(0), np.int64(0), np.int64(0), np.int64(0), np.int64(0), np.int64(0), np.int64(0), np.int64(0), np.int64(0), np.int64(0), np.int64(0), np.int64(0), np.int64(0), np.int64(0), np.int64(0), np.int64(0), np.int64(0), np.int64(0), np.int64(0), np.int64(0), np.int64(0), np.int64(0), np.int64(0), np.int64(0), np.int64(0), np.int64(0), np.int64(0), np.int64(0), np.int64(0), np.int64(0), np.int64(0), np.int64(0), np.int64(0), np.int64(0), np.int64(0), np.int64(0), np.int64(0), np.int64(0), np.int64(0), np.int64(0), np.int64(0), np.int64(0), np.int64(0), np.int64(0), np.int64(0), np.int64(0), np.int64(0), np.int64(0), np.int64(0), np.int64(0), np.int64(0), np.int64(0), np.int64(0), np.int64(0), np.int64(0), np.int64(0), np.int64(0), np.int64(0), np.int64(0), np.int64(0), np.int64(0), np.int64(0), np.int64(0), np.int64(0), np.int64(0), np.int64(0), np.int64(0), np.int64(0), np.int64(0), np.int64(0), np.int64(0), np.int64(0), np.int64(0), np.int64(0), np.int64(0), np.int64(0), np.int64(0), np.int64(0), np.int64(0), np.int64(0), np.int64(0), np.int64(0), np.int64(0), np.int64(0), np.int64(0), np.int64(0)]